+----+-----------+------------------+
|Year|Crime_Count|  Average_Distance|
+----+-----------+------------------+
|2010|       8161|2.7836960464904936|
|2011|       7225| 2.790426953439069|
|2012|       6521|2.8343652769571306|
|2013|       5851|2.8302771055173506|
|2014|       4556|2.7709646176455234|
|2015|       6729|2.7062554213148218|
|2016|       8094|2.7176565111395914|
|2017|       7780|2.7213858838248184|
|2018|       7414| 2.735588514413619|
|2019|       7135| 2.740826840685144|
|2020|       8492| 2.688041562330306|
|2021|      12287|2.6886044148226262|
|2022|      10067|  2.61208668057798|
|2023|       8951|2.5491291624519388|
+----+-----------+------------------+

