+----+-----------+--------------------+
|Year|Crime_Count|Average_Min_Distance|
+----+-----------+--------------------+
|2010|       8161|    2.43494773635908|
|2011|       7225|   2.458267741960225|
|2012|       6521|    2.50465464939887|
|2013|       5851|   2.459283928203977|
|2014|       4556|  2.3872998490867463|
|2015|       6729|  2.3883442563559933|
|2016|       8094|  2.4258511638025353|
|2017|       7780|  2.3903033391594084|
|2018|       7414|  2.4114913336298547|
|2019|       7135|   2.430362464971031|
|2020|       8492|   2.381864504906201|
|2021|       9746|   2.351644321907638|
|2022|      10031|  2.3140475385633046|
|2023|       8949|  2.2667532216414936|
+----+-----------+--------------------+

