+----+-----+-----+---------+
|Year|Month|count|MonthRank|
+----+-----+-----+---------+
|2010|    3|17595|        1|
|2010|    7|17520|        2|
|2010|    5|17338|        3|
|2011|    8|17139|        1|
|2011|    5|17050|        2|
|2011|    3|16951|        3|
|2012|    8|17696|        1|
|2012|   10|17477|        2|
|2012|    5|17391|        3|
|2013|    8|17329|        1|
|2013|    7|16714|        2|
|2013|    5|16671|        3|
|2014|    7|14059|        1|
|2014|   10|14031|        2|
|2014|    9|13799|        3|
|2015|    8|18951|        1|
|2015|   10|18916|        2|
|2015|    7|18528|        3|
|2016|    8|19779|        1|
|2016|   10|19615|        2|
+----+-----+-----+---------+
only showing top 20 rows

